732425|7|222.45
635763|7|240.46
9499330|7|250.25
2891792|7|125.55
8701474|7|270.00
3200437|7|241.05
3211354|7|165.05
7606951|7|176.45
9165385|7|180.50
9852648|7|230.25
7826806|7|263.05
5765387|7|220.09
3888614|8|240.21
1289706|9|460.22
929071|10|263.15
136761|10|205.60
6179469|10|175.05
64821|10|270.00
797235|11|221.50
7579235|11|120.45
5129912|11|125.22
9920625|11|200.45
5852467|12|245.05
9003178|12|260.32
4403179|12|190.76
1242092|12|265.08
2901158|12|195.20
683920|12|490.15
8236314|12|265.26
5700565|14|220.60
9132217|14|160.15
2655775|14|220.39
6828431|15|165.11
389570|15|240.48
3247762|15|190.86
1966607|17|120.12
6287839|17|490.10
7761613|17|222.30
7169386|19|190.87
8190466|19|130.65
5738143|19|187.10
5474226|19|170.30
7684119|21|215.28
4413660|21|165.45
9055798|22|165.08
9758407|22|215.30
6016365|22|255.10
5031032|22|140.40
4431653|22|180.03
5443420|22|120.30
2978064|22|215.17
7376138|22|215.52
1414406|22|222.35
2116281|22|130.60
5273059|22|190.75
6884496|22|265.09
9252010|22|155.43
8410490|22|170.20
9922573|22|195.20
4851470|22|275.30
5387257|22|156.35
5955175|22|240.72
7410979|22|156.30
2174100|22|215.13
707111|22|180.51
1042572|22|200.04
2314483|22|245.05
2933733|22|180.55
307981|22|225.90
2999253|22|222.65
395305|22|105.13
2163098|22|205.65
2011142|22|210.45
493268|25|470.05
5303866|25|178.10
300907|25|270.15
6928856|25|158.50
7586253|26|195.08
2767896|26|135.20
500144|27|145.10
3799638|27|255.15
4576083|27|170.55
8436139|28|180.03
8168305|29|156.30
549304|29|175.10
7010617|29|185.15
3291584|30|150.01
9814732|30|230.05
4036664|30|180.52
2477432|30|275.20
4634509|30|130.85
8258390|30|120.00
354561|30|215.15
9554136|30|178.25
5559617|30|190.70
6201401|34|240.65
7639258|34|240.46
4779294|35|220.71
8805119|35|125.26
289649|35|165.30
2872664|35|170.60
8245198|38|470.10
7813743|38|221.45
995167|38|222.40
9239001|39|120.06
1831997|39|222.65
258839|41|155.35
240419|41|210.10
3479095|41|145.45
1549442|41|177.10
748334|44|120.18
4722333|44|220.31
5711867|44|145.30
1604205|44|460.20
1223425|44|215.10
2943089|44|200.04
1933317|44|220.43
3918710|44|250.25
22681|44|165.06
2202482|44|120.16
6264300|49|190.70
1730679|49|200.55
8764047|49|160.05
8121171|49|145.45
3554809|53|220.76
6370654|53|130.96
6506404|55|220.73
8278012|55|125.21
3364003|55|230.32
2774759|55|245.15
5339904|57|490.20
3812146|59|240.50
5301100|59|105.10
2094449|60|490.47
8938161|60|215.57
9199505|60|130.52
3220324|60|222.40
8633569|60|496.03
2488873|60|225.15
8279576|60|165.30
8884164|61|170.05
9200032|61|222.45
7674605|61|230.20
9542666|61|265.14
897582|62|490.37
4940011|62|470.23
9520124|62|190.85
1269553|62|190.76
7953159|63|200.27
8972431|63|195.08
4366653|63|240.63
6003711|63|176.65
8212509|63|265.11
8834819|63|190.05
2682228|63|160.10
9557855|63|270.10
4419844|63|275.05
9395494|63|130.35
6081219|63|220.70
5486692|63|130.75
6303938|63|195.17
6025656|63|245.03
1441894|65|120.03
3129057|67|265.01
6621520|70|121.11
6175053|76|240.45
7255796|76|240.32
4722395|78|120.14
6955511|78|460.20
2824056|78|180.00
8083262|78|265.25
3451573|78|220.41
6856701|78|125.22
8862399|78|250.10
919558|78|145.30
9682418|78|190.23
7675312|78|130.30
1420697|78|235.07
9282320|78|205.20
9235845|79|265.14
8839394|80|125.11
1879006|84|120.18
3398135|84|240.60
7584402|84|260.00
4082373|84|220.76
1319189|84|215.22
719978|84|220.48
3302903|84|150.05
5502189|84|240.05
7019573|84|165.07
3305155|84|176.50
862811|84|190.72
8079056|84|165.40
2654317|87|240.50
7327113|87|242.10
725284|87|135.20
5150002|87|220.65
4769745|87|120.04
950938|87|158.50
1505955|87|180.55
5604207|87|120.04
2395271|87|400.03
8160525|87|185.15
1830214|87|145.23
5589945|87|215.80
8191638|88|125.26
6957706|88|490.45
3392864|91|240.06
2577619|91|120.06
352186|91|225.60
2249828|91|255.10
2354216|91|220.41
9356856|91|255.15
2474848|91|220.43
5159597|91|240.62
1408651|92|240.10
8276964|92|105.05
4638067|92|221.20
2572135|94|265.35
9705706|94|220.73
2548904|94|470.21
4336629|94|215.15
3283937|94|275.35
6990493|94|215.75
5926441|94|195.16
443431|94|195.05
2100827|94|175.40
7472632|94|240.15
5249828|94|200.30
1743180|94|190.35
7939551|96|220.46
3393822|96|220.46
4437790|96|220.46
822968|100|180.05
186854|100|221.05
8410591|100|220.03
3030234|100|105.15
1094427|100|180.56
669863|100|145.23
5257200|100|190.55
2315695|100|130.35
5571937|100|221.35
1995564|100|120.50
1337131|100|120.25
7740503|100|140.30
1047733|100|120.06
4558047|100|190.42
6913850|100|170.05
7079209|100|176.35
5790844|100|215.57
975141|100|220.50
4721157|100|220.03
7988571|100|225.55
1068392|100|100.08
5426354|100|125.45
1436034|100|145.12
6852688|100|120.55
9782283|100|240.71
192580|100|165.00
9683412|100|156.26
5249639|100|220.44
3529987|101|195.10
9201771|101|170.05
6415514|101|165.11
248012|101|180.52
4371339|101|242.15
8424262|101|165.52
3159927|101|490.30
7152156|101|225.10
7802264|101|220.09
7708660|101|170.55
8895486|101|200.22
6134186|101|235.22
4795891|101|190.23
5636221|102|187.10
273541|102|175.40
1866621|103|156.05
9010840|103|220.75
1188021|103|195.16
9174992|104|240.62
7447375|105|125.14
5909231|105|225.95
1929180|108|205.17
9509573|108|215.19
8735117|108|263.16
8150721|108|225.75
8934579|110|221.45
8505316|110|180.51
2193969|110|176.10
7453680|111|255.00
8207183|111|145.26
8188846|111|120.30
8956513|112|205.55
6711030|112|215.75
6314304|115|265.14
1944368|115|187.15
8512795|116|225.70
7403915|116|150.10
7193981|116|158.10
8971465|116|170.25
1302390|117|215.55
785090|118|205.15
1902872|118|200.30
8804232|118|158.25
6296991|118|190.81
6875535|118|260.05
1800336|118|470.24
9480859|118|490.50
9452381|118|190.30
5839442|118|496.05
9676050|118|255.17
6960393|118|175.45
7546641|118|215.75
6296596|118|260.24
4746003|118|170.47
8723513|118|240.30
4651808|118|265.14
6593927|118|240.65
1159278|118|265.09
8264376|118|230.32
9774285|118|180.50
941985|118|187.15
3837289|118|130.66
5023118|120|165.10
5052381|123|195.17
2901861|123|215.13
4560635|123|177.10
3690831|123|150.20
6499478|123|178.15
8600377|123|120.04
59972|123|145.70
5741815|123|145.22
8367155|123|215.60
1101439|123|135.10
8952349|123|215.66
6980665|123|165.10
3759940|123|145.23
4172142|123|230.03
7878297|123|155.42
5380530|123|490.37
6984965|123|170.47
6106896|123|230.40
5362514|123|156.05
5213650|123|221.45
7251153|123|263.15
7337811|123|215.13
9554788|123|221.10
2926601|123|240.06
9281303|123|260.20
7095792|123|225.05
9768781|123|240.73
7873668|123|265.11
1020038|125|145.60
2794059|125|105.15
8775339|128|176.50
9493724|128|235.06
7719009|128|179.11
1616662|128|175.10
8390887|128|265.25
1064164|128|130.20
6115533|128|130.55
8309421|128|120.25
7977844|128|265.03
6545431|128|185.00
2949933|128|225.80
2362392|129|215.19
3284148|130|225.85
7602067|132|120.05
2049772|132|215.25
4973187|135|200.30
7806051|135|190.20
6310484|136|221.15
3460421|136|105.10
2607326|136|180.52
4744902|136|190.78
774910|136|263.11
8806164|136|190.35
8006908|136|265.26
2868925|136|190.20
7795775|136|170.10
8024172|137|135.55
4350578|137|195.06
2541537|137|265.19
6936851|137|230.19
3337312|137|205.19
1982392|137|221.45
8933672|139|200.11
2142858|139|120.70
6693155|139|200.25
9181971|139|220.28
2104261|140|240.73
10276|140|225.85
8286312|141|205.15
9109842|141|175.45
7898729|142|205.20
7018045|142|195.00
3020487|142|120.55
7694929|142|275.25
3818028|145|222.65
9282222|145|175.10
854750|145|263.05
7709318|145|225.60
7022663|145|221.55
226720|145|120.55
1988566|145|215.28
8194790|149|275.34
308749|149|145.00
2969418|149|178.10
4151778|150|215.19
4997486|153|240.50
4887028|153|222.65
7490126|153|265.17
876065|153|250.55
6791324|153|120.60
1031921|153|115.01
2451866|153|130.75
7207455|153|215.16
2624706|153|200.00
3032467|153|241.05
9969074|153|140.35
1587968|153|165.08
5457876|153|158.45
4003094|154|165.50
3440399|155|240.55
8304866|155|150.15
9453287|155|177.15
2403649|159|215.52
4356868|162|200.20
7879190|162|265.17
5987552|162|225.60
1931699|163|220.60
5447998|163|220.75
5060981|163|177.15
8273046|163|170.40
7105241|165|158.30
1745694|165|240.63
7976123|165|265.16
450151|165|222.35
2638626|168|135.05
5561208|168|105.17
2317313|168|176.45
4816962|168|120.16
9913179|168|460.20
2584370|168|270.30
1719533|168|225.80
7186358|168|178.10
4260400|168|160.10
1673847|168|156.35
8011428|171|496.05
4186173|171|230.19
2078618|171|205.65
2422354|172|190.55
2711837|172|200.00
9161324|176|180.57
6256590|176|240.36
3263793|176|150.20
1666161|176|215.13
8730326|176|176.50
5385248|176|170.70
4926633|176|240.65
5608288|176|205.10
4239526|176|240.40
7667899|176|120.20
9035685|176|145.27
2272989|176|225.80
4785797|176|180.15
9254601|176|265.13
6625247|177|205.19
4764128|177|130.53
8063266|177|270.10
6642529|179|490.55
1095496|180|222.50
5516586|180|120.10
1810337|180|275.15
5021710|180|190.83
468713|180|240.10
5614501|180|220.76
1194796|180|220.46
1419134|180|215.23
5523676|180|220.48
99993|180|165.71
5327433|180|120.12
2455541|180|245.02
886007|181|205.25
2393155|181|470.10
1337747|181|160.15
7750442|181|205.19
5970476|181|245.11
2322453|181|190.42
9590074|181|105.00
702066|181|205.10
8011161|181|170.30
2714069|181|250.15
8822815|181|190.78
1881820|181|200.00
547386|181|165.10
358462|181|130.75
8191096|182|190.27
6519531|182|250.05
1935395|182|240.05
2414425|182|205.15
5448657|183|215.55
7156464|184|130.52
5867091|184|275.35
5096256|184|225.85
4124146|184|215.57
5523248|184|176.10
1274301|184|120.70
9135740|185|177.05
9647373|185|250.05
587746|185|220.41
7467833|185|165.71
6219855|185|176.25
8172011|185|490.25
1015938|185|175.30
9914100|185|215.20
7917630|185|145.23
325330|185|265.14
7082554|185|242.10
5633937|187|215.10
6395110|187|175.30
6415227|187|158.30
3204518|187|225.05
2895093|187|460.22
1264324|187|156.30
8704951|187|205.20
9688631|187|400.00
9647235|187|165.16
6924245|187|240.06
3108208|187|250.60
5609148|187|175.10
3356671|187|185.05
177169|187|240.55
5777237|189|156.26
7436605|189|165.16
2371560|189|240.65
9181508|189|215.58
8566138|189|140.17
3896887|189|270.00
9705797|189|165.16
2549736|189|165.40
3513366|189|265.26
5418664|189|245.02
5951062|189|125.11
5993544|189|105.05
1670717|190|145.14
8667621|190|120.50
7218958|192|260.00
833251|192|100.13
9500181|193|165.17
196723|193|120.70
4864365|193|240.60
2194774|193|130.96
1023530|193|200.25
8651175|193|140.20
821002|193|255.26
5492448|193|176.65
5852073|193|130.67
5974013|193|230.30
800670|193|125.12
5172236|193|195.12
8058267|193|177.15
5555137|193|190.80
2883185|193|170.40
7736722|193|177.10
7870420|193|130.40
787617|193|470.20
1343602|193|155.25
6960581|193|165.05
3671257|197|120.25
2940521|198|260.24
2155345|198|130.80
9650828|200|265.36
6863996|200|215.58
8343415|200|158.15
3461147|200|221.40
8850577|202|145.14
7038334|202|200.20
4494799|202|121.11
4466476|202|200.30
7730332|202|105.05
7751947|202|140.17
8776695|202|130.25
4796201|202|255.15
5715074|202|496.03
1185953|202|145.00
706375|207|195.08
6977219|207|120.18
3101369|207|221.15
9553812|207|225.90
9855390|210|145.26
213211|210|160.10
1201821|210|222.60
5631332|210|150.01
5203183|210|265.04
7635640|210|190.05
3515866|210|195.00
8334163|210|220.28
6276279|210|240.61
5422900|210|170.47
2953751|210|158.30
8184628|210|120.05
1568335|212|200.55
3719118|212|105.15
4467738|212|125.10
2322183|212|240.36
9585503|220|176.50
1219649|220|165.00
3078208|220|120.12
8697597|220|170.15
4393486|220|210.35
2042903|220|250.50
6408449|221|156.30
2343180|225|200.45
7075075|225|130.65
6070680|225|165.00
4297555|225|400.03
3997439|225|230.33
4690291|225|242.10
4952699|225|187.15
5230360|225|220.21
3559255|225|165.54
9833675|225|222.45
6226894|225|195.20
9384641|225|215.30
2228846|225|230.40
9858061|225|260.21
5741720|225|170.70
3300515|225|190.83
9908353|225|215.45
8876468|225|190.89
6003133|225|215.66
2626916|225|130.55
95930|225|145.25
8045463|225|200.20
8150807|225|156.26
3144084|228|180.00
231920|228|130.65
8395101|228|105.10
714970|228|490.20
9107420|228|470.22
4717502|228|145.70
8616874|228|160.10
5343065|228|177.05
3527882|228|270.30
9840270|228|215.30
9349299|229|120.60
9527000|231|156.27
5734269|231|490.15
133197|231|275.25
7950968|231|255.10
3158462|231|125.21
3826847|231|490.35
5323190|233|240.65
9937549|233|220.72
6329446|233|135.50
2874020|235|120.03
882621|235|125.13
5304811|236|260.21
5019538|236|190.50
7392097|237|255.26
369420|237|215.11
6013422|237|200.10
5839688|237|195.17
9698825|237|240.77
3065325|237|470.22
1398526|237|190.89
4413231|237|176.20
2174394|237|130.80
7306155|237|125.27
7282410|237|240.05
8793811|237|222.50
7988881|237|140.17
6811694|238|190.35
1151753|238|200.45
3538957|239|240.40
6018457|244|275.33
7104114|244|215.56
3961796|244|158.45
6686477|247|263.11
656516|247|220.03
8289716|247|490.30
2811492|247|165.40
9985912|249|145.15
2079666|249|105.05
3736668|249|120.30
8829603|249|180.15
4771038|251|215.15
9022788|254|135.36
6108316|254|215.14
6450159|254|158.20
5578347|254|496.04
2423492|254|221.35
7280242|254|221.05
4898942|254|125.21
9413078|254|140.35
7327507|254|215.66
3092518|255|165.07
1389931|255|185.15
620689|255|250.25
7642703|255|222.40
7627098|257|470.20
8104774|257|220.55
9401392|257|242.05
1564806|257|190.65
5665092|257|260.31*2
7846998|257|240.40
2545988|257|105.10
1481085|257|190.78
8560174|257|490.40
8095148|257|156.35
5622912|257|165.30
5930269|257|240.15
4718385|257|190.83
6754678|259|125.22
8359662|259|215.56
7271844|259|240.76
1308304|259|220.65
7926114|259|265.10
9738995|259|190.78
3859422|259|195.16
1666217|259|120.05
2258426|259|215.80
7205006|259|220.71
4051166|259|221.50
4739064|259|265.10
2812044|259|158.40
576060|259|120.14
222678|261|260.06
9651432|261|263.10
2277491|261|496.05
4297321|261|230.20
4049655|261|190.80
4386025|261|215.50
2923752|261|265.19
902536|261|220.73
131353|261|240.77
7099839|261|175.35
4085437|261|215.17
5013166|261|130.50
5738681|261|220.46
8089071|261|215.58
3406949|261|240.26
9464633|262|120.17
7258662|262|240.62
4296965|262|145.45
613553|262|165.30
9706930|262|125.50
8731598|262|240.10
2896540|262|221.40
2548618|262|178.10
1332197|262|275.10
5193602|262|165.50
3022088|262|275.05
1630570|263|120.12
3555800|263|125.13
4091127|263|215.80
3459119|264|120.17
3643873|264|145.05
5834388|264|255.26
6281568|266|275.40
2842141|266|165.71
5540453|266|220.16
4939699|267|130.40
3275708|267|130.66
5671070|267|120.09
2666394|267|130.55
7057753|267|120.07
5615803|267|135.05
7493425|267|170.25
7506603|267|120.03
7421999|267|130.20
9123309|267|155.43
9703280|267|470.23
998342|267|215.51
7155968|267|490.30
8015347|268|205.20
2016375|268|145.26
2350379|268|105.10
1959437|268|120.11
4561589|268|187.10
1427339|268|265.11
7190695|268|240.65
8118454|273|250.20
2951441|273|145.45
9184512|273|145.45
2432157|273|156.20
3877965|274|230.04
9042405|274|205.25
3599427|274|240.10
5143045|274|215.55
7173467|277|145.70
7028470|277|125.10
3047715|277|165.05
6517880|277|120.03
3321144|278|156.30
1739510|278|265.11
3080640|278|270.20
8718122|278|180.15
386126|280|170.55
5163275|280|225.95
3645097|280|200.11
9788372|280|135.05
5258044|280|190.76
5255471|280|135.36
4482370|282|125.10
9089155|282|176.35
4376604|282|270.25
4095923|282|240.55
7223720|282|178.15
7823632|282|190.55
973425|282|130.75
2738170|282|177.15
7883439|282|145.05
6642343|282|250.60
7884439|282|145.30
2872782|282|275.34
3664519|282|221.35
429185|283|470.20
1626413|283|255.15
300548|283|235.05
3760590|283|221.45
8864953|283|176.60
1240613|283|215.17
628781|283|115.01
1667918|283|220.65
3768486|283|125.50
3426885|284|250.15
4821726|285|215.20
4506663|286|240.50
6197219|287|195.12
672877|287|242.15
8977579|287|215.50
5086050|294|200.04
8500424|294|190.76
7002299|294|115.05
6814529|294|470.24
2104398|296|120.07
6733950|296|200.04
8167085|304|140.40
6050974|304|222.55
7203409|304|263.05
4699299|304|230.05
5976685|304|130.45
6053800|304|210.05
9792235|304|170.45
9382689|304|215.11
905463|304|265.16
7351909|308|220.21
5020186|308|215.23
1214128|308|230.25
2576245|308|470.21
5588141|308|170.47
3868531|308|225.05
383437|308|470.20
4645022|308|220.31
8405098|308|205.65
8882951|308|221.55
5039145|308|165.50
5455554|308|221.15
5872321|310|250.50
7494312|310|195.05
742373|310|175.25
5650393|312|120.50
841731|312|255.05
1358789|312|145.65
8544269|314|265.16
331907|314|496.04
2548645|314|190.79
2315824|314|250.35
6914972|314|220.71
892454|314|140.30
881630|314|190.45
564407|314|125.20
5099587|314|250.10
8267354|316|240.45
9589482|316|240.73
2474240|316|190.87
1598027|316|400.03
2233953|317|175.35
4186842|318|190.89
6380179|318|105.05
7917909|318|170.25
5262459|318|250.15
7563945|318|145.14
9052662|318|177.15
2098748|318|220.16
5316309|318|125.25
3851151|318|165.15
4907331|318|240.05
2084730|318|240.71
8657754|319|270.30
5218835|319|240.65
9279487|321|165.50
1271438|321|490.30
9033897|321|215.66
5801154|321|155.25
5123483|321|165.40
8885606|321|215.28
6374427|321|125.15
711910|321|240.31
5179701|321|180.45
8046750|321|120.01
1039321|321|265.08
2075571|321|145.70
8916268|325|220.48
1185891|325|125.55
2819261|325|165.17
6837899|326|270.35
1093998|326|230.40
2499285|328|120.45
4861526|328|260.24
264875|328|220.03
870629|329|165.72
5820823|329|125.11
2634074|329|170.30
5183520|331|190.65
3339207|331|140.20
6312437|331|135.50
9945322|332|175.35
2837730|332|215.25
8962090|332|490.40
6760870|332|155.42
1109423|334|240.45
7275144|334|215.12
5286432|334|180.52
4516767|334|260.32
6646049|334|215.14
6880367|334|205.55
1392340|341|210.45
5873203|344|230.25
1762002|344|190.86
5305767|344|195.12
4074097|344|176.60
9048780|346|240.63
2038077|346|135.25
9893756|346|230.00
300266|346|140.15
6633008|347|240.72
1952065|347|250.45
9717082|347|275.05
8505150|347|405.16
5049031|347|215.13
6527057|347|130.20
9113687|347|220.09
7598399|347|158.20
3136532|347|145.22
2327320|347|220.39
4618357|347|230.25
1885608|347|245.03
8876237|348|125.22
9937134|348|220.65
3936596|348|130.65
9805796|348|120.17
8821094|348|221.50
5615906|348|130.90
2521723|351|250.25
2924390|351|130.45
2295356|351|230.03
7163733|351|220.06
9109925|352|180.50
4301518|352|205.60
120473|353|120.16
5357031|353|170.47
58211|353|190.85
7258902|353|140.05
1546109|357|115.05
5128823|357|176.10
2210803|361|158.30
3994195|364|158.35
7930000|364|215.60
865077|364|190.23
9931262|364|215.10
3616499|364|125.20
3518052|364|215.20
9172695|369|255.00
3932947|369|270.25
3048032|369|225.75
2338495|369|190.20
379656|369|120.13
2610302|369|265.26
8531474|369|230.00
7159460|369|165.45
8847942|369|245.11
765789|369|150.05
7526759|369|177.20
1932780|371|265.13
5438059|371|220.39
3698233|372|125.13
645615|372|205.19
4609663|372|120.06
4639282|372|215.25
1006197|373|200.30
4986577|373|130.50
2483646|373|265.04
275744|373|180.05
9710581|373|230.04
9020837|373|240.76
2792550|373|200.00
8466575|373|158.15
4833240|378|130.30
6513844|378|158.45
2154449|379|230.20
5645955|379|130.85
1807175|379|165.25
3439369|382|470.05
1572468|382|170.05
990718|387|121.11
834977|387|130.52
2124211|387|275.25
5702362|387|240.37
9675075|387|210.45
8635450|387|145.14
4728335|387|156.10
8329179|387|190.70
9312399|387|221.10
1908952|387|195.17
8561552|387|225.90
4481168|387|240.06
9878449|387|140.20
155843|387|220.70
6781209|389|158.50
6509257|389|130.50
3762413|389|145.65
3644921|389|180.55
2838516|389|170.05
3233646|389|175.35
4803918|389|165.52
6844132|389|265.11
7575173|389|145.30
9629273|389|170.45
2987812|389|170.47
756828|389|120.07
7777897|389|220.60
3917176|390|265.35
5762486|390|187.05
807085|390|175.30
1892267|390|240.26
9052521|391|240.76
7707261|392|222.60
6951888|392|263.30
4649545|394|225.55
4189017|394|190.25
1645883|394|176.20
978698|394|170.30
2732822|394|180.55
8921340|394|263.10
7471159|394|190.72
3996833|394|225.90
4951864|394|265.45
4393123|395|215.75
8677601|395|230.05
1969676|395|205.19
9536372|395|120.01
1479171|397|222.50
5966532|397|222.40
9813029|397|221.50
9333297|397|170.45
9670937|397|120.15
6060619|397|240.25
6516880|397|190.87
8875628|397|220.73
828193|397|240.65
8854378|397|105.10
3777713|397|175.35
256422|397|135.35
5511416|397|177.20
9676207|397|176.10
1442326|397|170.05
6188703|397|155.42
9214176|397|156.30
5991988|397|176.10
8030300|397|100.05
5138835|397|185.10
3299586|397|490.25
7835998|397|240.05
2941153|397|490.50
355242|397|470.10
1195007|397|125.11
6958581|397|250.10
4143805|397|160.05
4528434|397|165.35
3036306|397|275.30
7102431|397|130.85
3689514|397|190.75
1133383|398|165.25
4277279|401|235.21
8277541|401|115.00
8940379|401|145.10
3129068|402|245.01
1156464|402|130.25
1289195|404|145.70
7902547|404|260.31*2
9759390|405|158.50
7942428|405|240.15
7905277|405|165.54
7116589|405|195.10
2521833|408|165.25
853308|408|225.75
5275366|408|405.12
560445|408|250.50
349953|409|170.65
2921962|409|265.45
834126|409|221.55
910929|409|158.35
2985474|409|165.71
2247210|409|145.60
1951835|410|190.55
6485065|410|190.25
5526782|413|496.02
529249|414|125.40
8975235|418|240.62
5747989|418|165.15
9106368|418|263.11
1079598|418|222.65
2966526|422|165.71
9234466|422|120.07
9635157|422|100.00
910554|422|222.40
9184838|422|222.30
9778880|422|265.17
2456224|422|175.20
3343077|422|405.18
7368437|422|270.05
711441|422|178.15
5875063|428|242.15
5981283|429|263.11
139688|429|120.14
2011811|429|215.51
9747060|429|156.30
6360664|429|145.25
3102749|429|265.36
6140896|429|130.52
2359757|429|210.10
9070436|429|220.73
6508226|429|150.01
5828443|429|230.30
3505618|429|220.03
9897967|429|200.35
6003523|429|221.35
9173769|429|195.17
4148288|429|160.10
410|429|158.15
6474941|429|496.05
3203388|429|205.15
5356625|429|120.25
1621590|430|220.65
7792291|431|165.20
6804627|431|135.25
8023927|431|270.25
7148236|431|135.55
4255098|432|195.06
6435823|432|125.12
9621157|432|490.47
4989664|432|265.36
6152104|432|265.45
726444|432|265.08
4784101|432|220.50
8698843|432|255.10
2922205|432|220.77
1884028|432|135.10
9511895|432|175.30
89157|435|165.09
2840554|435|187.15
8052403|435|255.26
7889356|435|200.03
1990247|435|240.55
3012485|435|200.11
7930559|435|400.03
1436055|435|165.20
852703|435|263.16
1077080|435|115.00
1904575|435|265.37
9458575|435|260.25
1636416|435|496.03
8536517|435|230.04
7461094|435|275.33
916879|435|240.08
9686277|435|190.80
4900506|435|160.15
3311549|435|275.25
2674040|435|125.50
6894744|435|220.60
6708595|435|177.05
9909720|435|165.25
3953468|435|255.15
8075839|435|178.15
6146121|435|120.50
3291449|435|180.55
6451463|435|120.00
1405502|435|215.10
6367963|435|215.30
6948803|435|215.05
7487262|436|180.03
2595567|436|221.40
4391806|437|158.50
5857693|440|200.25
7605376|440|275.34
1771922|442|165.08
3779650|443|120.15
1294033|443|176.65
4409578|445|180.05
4061291|447|240.72
2788573|447|263.15
8147585|447|225.30
9343426|448|145.10
8162735|448|125.21
1147897|448|205.60
9597221|448|265.09
9077830|454|221.20
1893853|454|156.27
6385512|454|125.45
4083523|454|240.25
7233157|454|120.60
1776566|454|190.50
1550493|454|240.36
9584308|454|240.32
3269380|454|130.25
1950607|454|490.47
982978|454|220.43
389623|454|225.15
4812357|454|245.03
8367771|454|240.06
8916996|455|145.20
7360320|455|156.30
4324271|455|220.18
9062154|455|240.46
9319288|455|160.10
3169379|455|222.55
2745406|455|100.13
613871|455|145.12
3224619|455|263.11
6403216|455|490.55
366879|455|260.21
8739651|459|496.02
6027484|459|135.36
8717565|459|220.03
6919093|460|205.60
7994453|460|260.32
9780317|462|245.03
3692043|462|260.34
5484316|462|177.05
970663|462|130.95
8013401|463|180.45
3034833|463|178.25
7679473|463|220.03
3486944|463|130.35
330919|464|125.14
5183786|464|187.10
4887067|466|230.40
9955922|466|140.30
6254603|466|185.05
1032842|466|220.16
3255335|466|470.05
5056820|466|240.48
3858032|466|175.30
3532176|466|205.25
5819589|466|220.50
3317998|466|460.22
1780829|466|115.08
4968395|466|100.05
5955264|466|205.65
7313297|466|220.41
7194445|473|175.35
7204023|473|235.07
9989124|473|215.52
1149709|473|240.62
7767102|475|145.12
2421267|475|145.40
8093782|475|130.35
5220873|476|200.50
7424718|476|187.25
3422573|476|175.45
7104029|482|145.60
3668349|482|240.15
1761258|482|190.42
6472722|482|160.05
4548298|482|158.30
5989513|482|145.23
5361162|482|260.31*2
637987|482|120.00
7742695|482|145.25
379220|482|105.00
1973572|482|125.60
9779305|482|175.25
6566550|482|190.23
2239659|483|230.32
5922108|483|120.45
4425433|484|176.45
7091992|485|470.23
3648974|485|178.15
2174975|485|240.30
1259232|485|205.55
4385071|485|150.15
8219455|485|120.09
7757728|485|235.06
1343112|485|165.00
4979870|485|177.15
7272039|485|155.43
5357018|485|255.27
2308639|485|120.14
67404|485|158.45
1834523|485|200.04
1618198|488|120.06
5842197|492|130.65
650168|493|230.05
3974125|493|490.20
9445562|493|150.01
3860902|493|120.20
4626260|493|105.13
4162373|493|120.30
1901233|493|221.05
8546705|493|120.12
7028883|493|200.20
8838241|493|156.10
8260029|496|165.10
7184427|497|120.00
7038710|497|155.30
2189532|497|155.40
7124993|497|145.10
6905552|497|140.20
2846010|497|250.35
6991938|497|222.60
5127530|497|140.05
4818606|497|242.10
5561283|497|115.01
8813313|497|215.52
2696779|497|200.25
6562430|497|240.60
5105076|497|179.11
9696959|499|120.16
4443446|499|130.50
312764|499|130.53
7145742|499|145.14
3035119|499|225.55
1128402|499|245.11
8666531|499|260.34
9147590|499|215.25
6925676|499|215.45
3441423|499|165.25
7602767|499|210.40
701507|499|210.05
8076837|499|190.85
8366713|499|130.30
9854379|499|177.20
6331572|499|175.40
1880499|500|275.34
1738774|500|135.55
9117332|503|195.12
9079714|503|220.21
5363048|503|125.25
4995241|503|275.40
7744109|503|240.48
3094084|503|140.15
4409931|503|230.30
5311918|503|200.50
8605376|503|250.50
5408383|504|275.15
6517372|504|165.07
7267090|504|255.00
5186901|504|165.50
5594906|504|195.10
5628733|504|240.61
6731149|504|120.20
3003048|504|145.27
5998733|504|490.40
3265588|504|145.27
1902701|504|187.10
7357399|504|215.80
1062363|504|230.32
9241139|505|120.50
8241163|505|140.25
5458975|505|265.09
6882766|507|225.65
1469476|507|145.12
6173564|507|230.32
6566809|507|130.30
7151002|509|125.22
7622210|509|260.06
7650408|522|265.12
4219888|522|215.28
1183834|523|105.15
4495554|523|220.28
1622106|523|250.20
8850293|526|120.18
9980577|526|195.11
4410282|526|130.55
8482244|526|200.11
5955872|526|135.25
6750552|526|205.18
700174|526|260.31*2
5570989|526|265.45
3157140|526|250.50
6175456|527|105.00
7684071|527|176.45
3952112|527|260.00
8130305|529|255.05
2300234|529|220.03
7835931|529|260.10
2550365|529|165.15
5920454|529|180.56
9352197|529|190.20
31271|529|275.35
1511944|529|190.75
3385177|529|490.20
5963681|529|100.13
7168636|529|490.10
3689422|529|165.00
2674837|529|170.05
2296506|529|220.74
6406236|530|263.11
6076165|530|215.12
464092|530|120.60
3984727|530|200.25
3980318|530|125.14
735357|530|240.63
6183882|530|195.10
4360629|531|275.25
6619560|531|120.10
5955551|534|170.55
3165219|534|215.60
3322895|534|130.65
7625757|534|275.05
2945961|534|225.05
3955106|534|135.20
1047851|534|190.89
9400450|534|130.20
1983362|534|165.40
6433278|534|180.05
7505540|534|135.55
976732|534|220.39
9045717|534|120.07
301436|534|496.04
976532|534|200.27
1686244|534|100.10
8851534|534|240.50
2444389|534|260.24
4569838|534|220.46
7283879|534|170.30
9384901|534|158.15
4923558|534|205.10
7619388|534|205.20
3312777|534|165.30
7219110|534|220.18
6695014|534|265.04
7970895|540|240.35
5220214|540|177.15
5710597|540|240.73
6961501|540|470.05
9880524|541|176.25
3970252|541|178.10
1607964|543|105.17
5540142|543|250.15
8565294|543|200.12
5467372|546|190.23
9271075|546|275.33
9705456|547|215.13
7189812|547|125.22
6814490|549|210.10
2147103|549|470.21
900320|549|135.45
2094841|549|175.05
1494595|550|235.06
6527745|551|240.30
7987047|551|270.15
8531752|553|221.25
3846147|553|240.05
8287016|553|200.00
4749309|553|265.08
2236809|554|205.60
3982009|554|177.15
1035216|554|221.45
9908661|554|200.20
1925831|554|190.26
1939684|554|160.10
5520198|554|115.01
4168411|554|195.20
6417830|554|190.42
2360950|554|240.65
6205041|554|120.12
2668981|554|180.55
8148836|554|205.18
4010035|554|120.14
92084|554|145.12
8700856|554|156.29
6754642|554|158.20
4307482|554|200.35
2545736|554|177.25
6951831|554|120.15
9336723|554|265.03
4836788|554|205.25
6592067|554|170.15
9906699|557|125.40
480644|557|187.15
2069934|557|170.47
6062014|557|263.16
952579|557|190.82
3603503|557|187.25
9773149|557|221.50
2844770|557|180.05
5553294|557|200.25
6408080|557|230.33
1251689|557|230.05
6038088|557|205.18
3642870|557|190.80
7971602|559|145.10
9056181|560|120.18
1953591|560|240.45
5168240|560|470.22
8094195|560|120.70
3747297|563|222.50
2772653|563|130.55
4370442|567|195.17
1390892|569|230.33
5046316|569|240.35
4566363|569|190.76
5083361|569|140.17
872113|571|156.30
4349690|571|220.76
227230|572|190.50
9672057|572|190.20
7128437|572|195.17
5758824|572|242.10
5569474|577|205.05
9560661|577|270.35
9489861|577|158.10
3922295|580|145.00
6473400|581|125.20
7153458|581|221.40
211855|581|130.75
8625891|589|235.21
3508246|589|125.45
2028469|591|225.65
6873853|591|187.15
6267044|591|220.72
3595604|591|275.30
4596175|593|140.25
6591506|593|220.45
7375346|593|496.05
9901158|593|150.05
1225657|593|215.75
3156396|593|220.60
3059232|593|130.30
5318645|596|275.35
9531537|596|135.36
400770|596|225.55
8600435|598|190.82
3767954|598|180.25
1726905|598|180.50
1023828|602|190.35
3036808|602|235.06
4079290|602|155.30
8575063|602|230.25
5501136|602|175.20
3813592|602|190.35
3705653|602|225.70
9612777|609|190.81
1815220|609|180.08
8026870|612|235.21
3413862|612|265.13
3075772|614|156.05
9710798|614|125.13
1286508|618|150.01
4218307|618|145.25
7743855|618|176.30
3771042|618|130.40
9655958|620|120.06
6960870|620|240.72
8362410|620|270.05
3832993|620|179.11
4450301|621|210.10
4641037|621|125.60
2742724|621|235.22
2009768|621|240.50
9138240|624|120.11
6321193|624|195.10
9364230|624|225.55
6479837|624|145.40
375681|624|140.15
9212745|624|225.60
7633083|625|150.01
1579233|625|176.50
8841854|625|220.03
9768005|625|255.15
9376544|626|205.60
7722537|626|245.05
3846172|626|221.05
5553197|626|400.00
1318803|626|190.60
3319411|626|240.37
2565133|626|175.35
5964816|626|170.55
4074620|626|222.50
5428291|626|255.15
9821097|626|265.36
2993505|626|210.15
6205220|626|240.48
4405419|626|125.21
8693132|626|190.82
9262040|626|190.27
8066568|626|490.15
9773281|628|125.13
9273689|628|263.16
4674483|629|245.15
9147821|629|165.40
7674525|630|165.16
1207220|630|240.73
2262970|630|120.08
556287|630|225.65
1948568|631|165.06
101035|631|180.56
4229221|631|135.36
3523439|632|176.10
1659013|632|221.25
5149797|632|145.12
2594777|632|105.05
5016812|632|205.60
7611821|632|190.55
9205418|633|250.10
5032203|633|240.10
9964996|633|220.34
1840874|635|179.11
4212635|635|245.05
4784878|635|145.25
8135583|635|265.09
8451996|637|490.35
109686|637|125.55
9025550|637|185.15
4557185|640|175.25
7100529|640|120.18
5781064|640|215.75
7402560|640|145.15
585892|640|230.19
2851969|640|221.35
227065|640|180.45
4762256|640|215.52
7413483|640|250.45
2305111|640|120.50
7530265|640|130.45
2003281|640|250.25
5292672|643|245.05
8760127|643|145.15
4646649|643|145.30
7830377|646|130.67
1543583|646|405.12
4263293|648|175.10
2253002|648|187.10
8838016|648|225.85
9749303|648|215.19
6697302|648|120.55
6526805|648|210.10
7248577|648|221.45
8405843|648|490.35
692824|648|250.60
9739767|648|176.15
8726690|648|195.16
2547585|648|135.35
7121717|648|230.03
613533|648|155.25
1870791|648|240.45
3076667|648|120.02
8968083|648|179.10
9769042|648|405.16
3039670|648|140.05
9922110|648|158.35
4897346|648|215.25
1370593|648|225.95
5045807|648|190.87
7471540|648|250.15
2132905|648|265.10
9059651|648|156.10
2238816|648|205.10
1110478|648|230.00
2018927|648|260.31*2
854560|648|145.23
9214272|648|221.25
9272019|648|275.35
5347166|648|165.71
7962276|648|190.79
1912266|649|260.10
5998418|649|150.05
214051|649|190.80
3287071|649|120.09
1697558|649|255.17
6153380|649|120.07
5620428|649|265.16
1568482|649|240.08
8574134|650|260.05
6924096|653|135.50
6285114|653|230.19
2131477|653|165.09
4320123|653|240.20
8731856|657|176.20
3651591|659|145.23
3778684|659|220.65
3296398|659|240.50
1401073|659|220.73
8543512|661|215.20
5294409|664|130.67
1623615|664|210.45
4230028|664|190.86
1046742|664|125.12
1466183|667|260.24
5589028|667|215.16
134663|667|220.34
4165484|667|215.22
9457897|667|195.12
8370801|667|265.11
1837810|667|165.30
5075623|667|158.05
3845494|667|190.83
1107123|667|155.42
3157595|667|120.02
7360693|667|115.05
1446129|670|190.81
4615544|670|177.15
2730916|672|220.73
1458230|672|205.19
392523|672|135.35
4517842|674|240.37
4371922|677|490.47
6879684|677|145.20
457183|677|405.16
9105217|677|179.11
2949035|677|187.15
5685105|677|158.35
7943844|677|220.55
4763897|677|120.00
4538591|677|200.03
119074|677|145.30
4851132|677|221.25
1929971|677|179.10
8775162|677|490.37
7156437|677|240.65
6278537|677|170.10
5336680|677|165.06
4712200|677|180.03
3599204|677|120.14
7423449|677|215.51
2273732|677|215.40
2353013|677|265.45
7443487|677|120.20
5198628|680|200.55
4994871|680|240.31
254451|680|215.75
1606850|680|490.25
4976000|680|185.10
8128266|680|130.40
9676560|680|242.05
8287233|680|156.35
6772880|680|215.80
6574243|680|222.65
8458439|680|221.40
2715240|680|190.72
1466023|680|130.96
6696768|680|190.80
7390108|681|215.12
9674711|681|200.10
9221778|681|155.43
8547154|681|250.15
2447448|682|240.62
4145466|682|177.15
5149654|683|220.44
454500|683|490.10
8258054|683|135.36
1849588|683|221.30
7664499|686|158.45
5508283|686|120.10
4798668|686|260.00
8225726|687|175.05
4201181|687|130.65
3922709|687|215.56
5677779|687|170.65
6242543|687|130.52
4179695|687|125.15
8955573|687|270.25
8823105|687|220.76
6496995|688|260.34
9648106|688|156.25
73292|688|190.05
6871229|688|270.00
1529177|688|130.45
424811|688|156.35
7959690|688|205.17
2816375|688|185.10
5869192|688|215.14
9982929|688|263.10
947996|688|240.61
1458645|688|222.30
8339148|688|160.10
119936|688|175.20
4425820|689|105.13
3086132|691|250.20
2568037|691|240.61
1298365|691|250.05
1288071|691|195.06
1944819|691|275.20
6074530|691|125.20
4359458|691|165.50
4862157|691|240.30
1006410|691|130.60
9449991|691|221.30
6991602|691|265.11
1953218|691|176.25
8162303|691|176.65
1051963|692|222.35
7522339|692|170.05
6195677|692|221.20
9649630|693|165.54
170574|693|220.77
6394329|693|179.10
4045405|693|265.03
9352007|693|265.08
6850458|693|240.48
5416358|694|105.15
9926105|694|145.00
6980885|694|165.08
5406604|694|190.85
9593379|694|225.65
892856|694|145.14
8552191|694|156.20
8163780|694|120.12
8632692|695|470.10
53149|696|105.05
5592576|696|470.15
1112733|696|225.55
4403871|697|220.73
4609661|697|158.40
7860824|697|240.73
577194|698|240.63
5501473|698|130.55
2023795|700|200.11
9931137|700|120.45
2121521|702|200.55
3296600|702|156.05
7999485|704|250.05
2213798|704|145.20
7313897|704|230.40
2541019|704|220.73
4389666|704|165.50
1981369|704|265.13
4491167|705|190.79
7552319|705|158.50
902213|705|125.26
4994866|709|160.05
5376174|709|190.89
5828048|709|215.70
5044347|709|460.22
1344894|709|165.08
7634108|709|265.10
5057956|709|215.25
678182|709|240.21
3609088|709|215.57
8300385|709|215.66
381065|709|190.81
8805433|709|100.10
639549|709|179.11
6953438|709|158.10
823640|709|120.14
5817072|709|240.30
7617350|709|265.26
7546152|709|200.00
9013491|709|230.00
6153320|709|240.77
6219876|709|215.45
4703636|709|176.20
7717417|709|135.36
7762482|709|220.09
9826411|709|265.12
4227904|709|240.08
5604257|710|221.05
1860848|710|165.30
3899341|710|145.05
5091815|710|165.17
5033566|710|220.41
7256464|710|215.12
3831419|710|215.20
9560764|710|240.26
6053226|710|185.00
4331965|710|215.15
9333746|712|215.14
4571081|712|275.30
7670174|712|190.25
5868300|713|178.25
1787312|713|225.20
2793482|713|121.11
1757479|713|200.00
460952|714|156.35
3931062|714|230.33
265646|714|265.45
8174677|714|120.09
544124|714|240.71
6404420|714|215.55
6128229|714|490.20
5428632|714|170.60
7639859|714|155.35
1819391|714|165.50
2773763|714|270.10
8812178|714|187.10
9031808|714|120.02
7856244|714|222.60
2469126|714|265.02
4548247|714|240.63
5016902|714|150.20
5336956|714|235.06
235162|714|265.11
9860474|714|270.20
7692933|715|250.50
1024609|715|215.16
1089702|715|263.10
2520862|715|250.20
6162365|715|255.17
6719926|715|405.12
8706041|715|220.45
5967943|715|220.09
2492194|715|125.11
4914932|715|130.20
4477429|721|195.11
2293796|721|220.76
3274183|721|175.30
1119244|721|145.40
8007198|721|240.71
6766541|721|176.65
9948264|721|120.50
8385882|721|210.15
8296976|721|215.55
6630915|721|220.60
4267218|721|120.09
7368279|721|220.74
8993812|721|140.30
6987790|721|255.17
363718|722|215.13
7824495|723|130.30
6485073|723|179.10
2745214|723|230.32
4369644|723|240.30
3521793|723|245.15
8379801|723|165.07
9189924|723|170.20
7603407|723|240.50
4095068|723|240.36
5230735|723|490.47
7736941|723|220.34
47585|723|220.46
9809690|723|215.05
8423646|723|165.40
1914658|723|260.31*2
7301568|723|210.10
8816674|723|263.15
47436|725|175.30
6415942|725|155.25
7585147|728|230.25
5649934|728|120.18
2614453|728|120.01
5948347|728|221.55
4767960|728|245.00
4382404|728|220.46
8463167|729|140.35
1718469|729|156.20
696097|729|215.65
3417100|729|130.53
125251|729|190.82
5931437|729|120.55
7275900|729|120.05
74916|731|165.10
5362152|731|120.18
134172|731|170.65
9133185|731|158.40
4008533|731|205.10
2987505|731|125.40
2623485|731|130.55
7753457|731|155.30
4168047|735|130.67
5524683|735|230.04
6683016|735|190.83
8672447|735|265.02
2198443|740|130.53
7031353|740|490.40
7827771|740|145.25
9111714|740|240.20
83131|740|195.17
7627096|740|150.05
2346630|740|240.46
8744570|740|215.51
7973690|740|176.30
1008902|740|235.05
4826292|740|120.10
4195879|741|215.45
6878493|741|200.55
4970672|741|158.40
6636161|741|190.30
8804750|741|120.15
1611699|741|265.26
9016007|741|265.36
1213360|741|242.10
6538406|741|200.55
146708|741|215.80
8681189|741|120.15
354512|741|250.25
5738626|741|225.30
4208445|741|150.20
3746562|742|220.76
2233221|743|180.50
5112458|743|220.50
990935|743|200.00
594553|744|240.10
6604602|744|220.28
1614117|744|130.60
7870063|746|200.10
8196172|746|270.15
7872916|746|215.11
5976884|746|187.15
7506523|746|120.07
7865137|746|145.10
329093|749|265.10
8064983|749|245.02
2783936|749|250.15
1549449|749|177.05
6159913|752|150.01
79074|752|156.20
5761828|752|190.79
4037049|752|156.05
7239542|752|205.65
5014051|752|265.13
6035356|752|200.50
9267733|752|120.60
2489701|752|265.25
5000016|752|140.05
316558|752|155.35
6834758|752|215.57
3542718|752|195.12
6616153|752|235.07
4547674|752|170.60
1046999|752|120.16
8088800|752|190.23
8710525|752|225.80
2117622|752|240.26
9557429|752|250.50
8786061|752|270.35
4428252|753|195.17
3444228|753|220.71
3820276|758|135.05
4327657|760|230.30
4192099|760|125.12
5032272|760|105.05
2309397|760|190.26
6280235|760|230.32
1727915|760|176.10
4945|760|140.20
1879845|760|195.06
7832264|760|270.30
8337546|760|265.11
4365005|760|120.25
4082471|760|185.00
2921744|763|225.30
8881727|763|120.10
1395734|763|165.30
5582850|763|195.00
3150030|763|190.81
5209404|763|215.19
224084|763|125.22
8172669|763|175.05
321697|763|200.00
1363614|764|275.34
2338154|764|176.10
3025321|764|470.15
3424228|764|250.50
651472|764|240.05
9736776|764|185.15
8667805|764|221.50
378964|764|158.45
4805403|764|215.10
6452226|764|120.14
8991517|764|170.65
9718485|764|265.13
2037093|764|250.05
329178|767|125.55
5386637|767|105.17
8299940|767|470.10
5187165|767|180.45
8242139|767|145.12
7361972|767|170.20
1321525|767|255.27
6345441|767|105.17
7107489|767|120.01
1744395|767|240.08
2516827|767|241.05
9080311|768|220.75
3512358|768|165.08
9190718|768|230.30
9325681|768|130.80
2242677|768|140.40
6580054|768|222.50
1800360|768|190.25
6302614|768|255.05
238798|768|125.55
4138372|768|105.13
2183676|768|120.60
7655514|768|190.05
8393521|769|130.45
3314950|769|490.30
5195656|769|215.28
4876750|769|220.75
4644194|771|200.20
774815|771|156.29
6065029|771|405.12
8275110|771|490.30
5714680|771|200.55
5898055|771|220.71
6810907|771|156.05
7382124|771|190.23
683352|771|105.17
7820706|771|120.14
8962728|771|140.40
932159|771|130.55
8927726|771|250.55
1384398|771|210.15
752786|773|215.70
9494178|773|145.14
1408860|773|265.37
1590485|773|176.60
4309531|773|155.42
2401416|773|165.50
7513381|773|200.12
8497276|773|120.15
8992842|773|240.30
8536276|773|165.25
3854100|773|265.16
88692|773|205.65
7104131|773|170.30
1368908|774|180.45
2855284|774|470.22
7954624|774|105.05
7652240|774|190.81
9964012|775|215.66
7980419|776|120.08
7890805|776|176.25
5064046|776|180.55
7566532|778|156.30
4248315|778|470.22
6479012|783|260.20
9511677|783|165.10
6939224|783|177.20
7290204|783|225.15
8248948|785|270.30
1663588|785|121.11
6363476|785|221.55
3282736|786|220.55
3958710|786|215.13
5132812|786|130.96
4142492|786|145.10
7504522|787|230.19
1501406|787|265.26
8379127|787|165.30
8124822|787|221.10
5999366|791|263.10
7282760|791|210.15
4698391|792|200.50
3196276|792|190.05
5552967|792|121.11
1806411|792|180.56
7610494|793|145.12
8542302|793|120.08
7622306|793|176.35
746160|794|265.02
1380080|794|176.50
1735623|794|230.03
6436815|801|130.55
5546704|801|158.50
2494332|801|120.15
4805164|801|145.60
2179299|801|179.10
4519176|801|260.25
4480846|801|177.20
9743103|801|230.06
8738913|802|240.71
9633886|802|130.96
3957838|802|187.10
6703651|802|156.35
9317176|808|120.06
1055028|808|270.35
1078271|813|135.45
191235|813|260.00
2266094|813|190.87
1084613|813|165.11
692333|813|175.30
1016648|813|105.15
4861396|813|135.25
3645444|813|220.77
9818669|813|170.20
8744674|814|165.10
425926|814|178.15
1970454|814|265.01
162508|814|220.60
5635852|814|240.73
3279719|814|195.17
4600644|814|242.05
5043837|819|230.00
5228262|821|270.35
6659275|821|195.08
2333596|822|220.39
8027699|825|242.10
4904724|828|215.80
624458|829|125.13
8694768|830|165.25
3730417|832|221.20
6554453|832|165.40
3291784|832|215.17
8013342|832|130.65
9987356|834|140.25
563599|834|120.50
3128191|836|105.13
7639909|839|265.37
4518817|839|490.55
5987858|839|245.01
6079904|839|222.35
4965097|839|130.60
7382036|839|230.05
9256400|839|200.12
5261273|839|187.10
429762|839|120.17
6157338|839|265.09
2092827|839|105.10
254391|839|120.04
6065549|839|130.52
3643107|839|135.35
1042702|840|170.10
5837353|840|240.30
8946804|840|170.47
147354|844|180.51
6282547|844|200.10
9005804|844|195.10
3656193|844|190.30
4420966|844|215.15
4919279|844|200.27
6078109|844|156.30
4674875|844|215.22
1377152|844|150.15
231518|844|130.70
2175713|844|135.36
6314468|846|190.78
9806027|847|100.08
5963298|847|255.17
1293098|847|263.05
8454519|848|220.65
2571009|848|190.78
9739745|848|160.10
4295323|848|125.13
8846308|853|145.05
4068056|853|245.03
8335952|853|105.17
8293335|853|176.30
8774543|853|165.06
5113252|853|260.10
114810|853|240.10
3381776|853|120.25
7833583|853|490.20
8730035|854|180.25
2474745|854|490.35
6374528|854|470.21
7437079|854|177.05
5714945|859|176.65
6301350|859|470.24
161183|859|130.35
3796466|859|470.21
916614|860|240.50
1035359|860|125.11
4483773|861|255.17
1236201|861|105.15
2348254|861|178.10
850828|863|190.50
9753740|867|195.06
4525691|868|145.25
1355136|868|145.10
5417993|870|165.35
9576802|870|240.06
1144455|870|145.25
1312844|871|190.85
7263054|871|265.01
8346245|876|165.54
5604847|876|240.48
3220998|876|177.10
6710509|876|158.35
7963179|877|120.14
4001922|877|200.55
4278948|877|156.30
9517564|877|470.10
6454797|877|187.10
8390884|877|190.87
4508190|877|222.40
3999720|877|220.09
8926904|877|145.05
6061814|877|176.25
2303896|877|222.30
5171200|877|165.08
2526144|877|270.35
5543462|877|225.60
5961750|877|215.19
376575|877|265.03
4572520|877|130.75
1341747|877|215.20
8548487|877|120.12
1364385|877|275.20
7088647|877|235.06
3789018|877|215.20
9955361|877|230.32
1096656|877|215.45
9221277|877|220.60
7783604|877|105.05
4931303|877|260.10
7292613|877|490.30
1130065|877|195.11
2906690|877|177.10
3531113|877|170.65
594642|877|190.80
7596432|877|135.35
841292|877|220.60
8760952|878|165.10
9843069|878|145.40
8002707|881|250.20
5614460|881|265.11
3351274|881|190.72
7622800|881|240.32
4423720|881|190.55
9831722|881|170.45
7259262|881|275.10
2687632|881|220.18
6064730|881|135.55
3371275|881|250.20
9022652|884|150.15
5088234|884|215.15
1648091|884|470.21
6926573|884|125.15
448374|890|490.10
5238484|890|265.14
390218|890|156.25
4655733|890|225.20
6092335|890|260.21
391142|890|165.11
4823946|890|120.45
9697907|890|240.77
9431114|890|260.34
4328622|890|160.05
2534565|890|165.35
2775629|890|260.20
2905149|890|130.95
6500457|893|130.52
5904598|893|275.05
9936664|893|155.42
2977136|893|180.50
1337561|898|222.45
7478970|898|180.52
9636251|898|220.65
5592506|900|215.16
301059|900|220.48
2101009|900|215.17
3890684|901|275.20
6453977|903|242.05
6807658|903|220.46
4601767|903|120.17
707329|903|100.10
6810793|903|240.35
9953461|903|105.05
7820996|903|490.47
5397181|903|165.16
3988107|903|145.26
452465|903|130.90
9256147|903|156.35
5467383|903|190.87
396062|903|235.22
6835231|903|200.00
2171848|903|120.03
2418213|903|225.75
7717728|903|260.31*2
3182274|903|245.11
832362|903|215.23
1077647|903|125.14
4885176|903|145.12
3490265|903|225.20
2147547|903|250.20
6059735|903|215.80
5550318|903|241.05
2232831|903|175.25
1770529|903|190.87
9782594|903|190.76
155287|903|180.00
1696890|903|130.66
8289128|903|260.21
1339771|903|210.05
3527168|903|221.30
7784741|904|200.22
7785554|912|176.15
7141599|912|245.00
3724049|912|180.52
2300643|912|235.07
812939|917|470.10
3634722|917|240.65
307637|917|170.10
4592088|923|215.65
8115299|923|190.87
4198172|924|190.85
9803118|924|130.95
327588|925|215.13
4670768|929|220.45
5969564|929|221.40
3524086|932|165.00
3953213|932|165.20
1818842|934|265.25
6614767|934|190.45
3831603|934|240.70
8797057|934|125.13
6388661|939|178.10
1246766|941|275.20
4058748|941|120.55
5625696|941|158.35
5168039|941|165.11
6304269|941|185.00
7254059|941|225.80
649019|941|190.05
2877735|941|255.10
5376826|941|165.10
1711329|941|225.15
3458578|941|215.65
366916|941|130.80
2715267|941|222.60
9112983|941|240.50
1963514|943|165.72
572076|943|195.12
2556019|943|275.33
8205907|943|120.60
3629018|943|215.80
1107922|943|221.30
1164699|943|255.15
278015|943|175.20
8920033|943|195.08
6582338|943|165.00
2549873|943|220.71
5760168|943|140.40
4638473|945|240.40
185905|946|205.65
1897194|946|120.17
7806278|946|140.35
4398978|948|120.10
7649160|948|130.66
5624738|949|165.09
2991656|951|180.15
9227231|951|145.26
3109070|951|195.06
3752836|951|220.44
3583856|955|200.03
9593223|955|125.45
3706604|955|220.74
8734127|955|180.05
4236931|958|240.25
2404273|958|225.15
4203435|958|215.16
5561514|958|165.06
3442805|959|175.30
9567182|959|130.67
8595270|959|220.41
1223308|959|260.21
6083780|959|175.05
6817685|959|240.60
1258396|959|275.15
8381862|959|490.35
951769|959|105.13
2504465|959|200.12
8435818|959|135.10
6427661|959|165.07
5311170|961|275.30
6903945|964|145.30
8196390|964|221.25
5585539|964|130.53
7419246|965|125.21
1145876|965|200.45
5821573|965|240.30
4609744|965|130.95
1453195|965|245.02
8465953|965|205.15
374997|965|125.40
2530515|965|177.20
2603514|965|215.75
4266000|965|240.35
1477916|968|242.05
2755379|968|165.16
6918926|968|235.21
6230871|968|135.60
1616273|968|220.46
7519676|968|121.11
9536356|968|260.31*2
4931972|968|240.08
2200212|968|190.65
4987827|968|260.25
2313862|968|470.15
9611392|968|215.16
7570083|968|179.15
7970865|968|187.05
8511269|969|265.02
1287387|969|245.01
4753442|969|215.65
8410525|969|240.55
3486470|969|240.45
2961066|969|165.72
7954619|969|240.26
2942279|969|220.34
2600047|969|221.05
432479|969|165.45
9018489|969|155.25
4341449|969|263.15
4948967|969|190.55
7089504|969|135.36
3936901|969|210.35
9674626|972|400.03
2057186|972|120.11
3666413|972|190.76
3638730|972|156.25
1656773|973|150.01
4627804|973|158.05
5370818|973|215.10
1470542|973|175.35
1209267|973|156.10
8237482|973|195.20
9394688|973|165.15
4764860|973|140.35
597367|973|225.05
3943156|973|145.20
6837571|973|210.35
6002431|973|222.55
6766065|974|270.30
5379758|974|255.26
2351034|974|187.20
7178743|974|130.90
7939164|977|177.05
659633|977|230.20
1437144|977|205.10
2662498|977|156.27
5801436|980|255.15
5571054|980|170.10
1360151|980|195.11
4827958|980|222.45
6035730|981|176.45
5962585|981|145.05
4381489|981|130.20
449403|981|125.27
6678200|981|460.20
5612194|981|496.03
5426085|981|215.25
1830508|981|130.70
7880362|981|200.27
7864512|981|170.30
2338395|981|180.03
8786534|982|220.70
5306507|982|165.05
5890767|982|215.52
1449855|983|176.30
8337794|983|240.72
7057960|983|405.18
6224221|983|470.23
7426230|983|190.76
189242|983|220.74
144969|983|125.20
9529642|983|175.05
6947596|983|130.80
6839964|983|177.20
3778018|984|240.37
4206103|989|405.16
7293351|992|275.15
5872364|992|240.77
512668|992|115.08
7008924|992|215.11
5646103|992|165.25
4346489|992|265.36
3968025|995|175.10
4476696|995|156.20
4022633|995|200.10
1075282|1003|190.30
8971435|1003|245.11
696642|1003|200.10
1782694|1003|240.10
1844263|1005|240.08
5982783|1005|179.11
9256949|1005|222.65
2311786|1005|245.11
2957113|1005|135.05
3270717|1005|177.05
7056306|1005|265.35
740121|1005|260.10
2527035|1006|178.25
9429384|1006|205.25
6848110|1006|221.55
3720261|1006|145.60
2898023|1006|221.20
5515765|1006|240.60
3120209|1006|130.75
5512572|1006|185.15
4258202|1006|215.50
3114384|1006|125.11
8798564|1006|255.15
6275895|1007|190.42
7599106|1008|130.53
2414878|1010|160.15
7441348|1014|170.65
150508|1014|130.40
1543734|1014|265.04
6481919|1014|220.06
8863477|1014|275.34
7778769|1014|105.15
7169018|1014|165.40
5548734|1014|405.18
9493751|1014|265.11
2721132|1014|265.03
6172792|1019|170.40
1524280|1020|158.25
9115324|1020|145.65
3847960|1022|205.65
8119591|1022|156.30
6546320|1022|205.60
4186830|1022|190.30
2536674|1022|180.51
9104934|1022|220.09
8908652|1023|200.20
1355388|1023|180.51
7387010|1023|275.25
309127|1023|145.30
64710|1024|225.75
3757386|1024|490.10
1865221|1025|175.20
9933505|1025|176.35
7588447|1025|240.45
9626298|1025|158.20
2837487|1025|140.10
4131822|1025|190.87
2376500|1025|265.16
4678660|1025|222.65
206672|1025|215.70
712467|1026|100.08
5185292|1028|230.40
5784780|1028|260.10
9583709|1029|160.05
9731676|1029|145.40
448237|1029|270.35
8929300|1029|205.25
6963281|1034|145.20
9195953|1034|255.10
7264671|1034|145.70
1152754|1034|177.10
4349391|1034|235.07
2573238|1034|165.16
4441005|1034|220.31
7052706|1034|250.50
16192|1034|190.89
4136740|1034|145.14
6553223|1034|130.67
1711124|1034|175.20
5663408|1034|165.54
4214580|1034|130.45
6865824|1034|205.19
4834795|1034|221.40
3425355|1034|220.28
9989989|1034|240.45
4986718|1034|275.35
2738850|1034|175.45
8430955|1034|165.50
5382284|1034|215.65
7874999|1034|265.19
4488294|1034|215.58
253250|1034|225.75
8832826|1036|470.24
1839589|1036|125.21
4013420|1036|130.90
8292831|1036|200.25
8315524|1036|205.10
1806497|1036|220.74
5427389|1036|170.15
3026633|1036|165.20
4466726|1036|176.15
2668390|1036|120.45
5164905|1036|140.17
9814086|1039|265.12
9646260|1039|240.50
1305021|1039|135.20
7050520|1039|215.20
425379|1040|180.45
7439516|1040|150.05
8648343|1041|225.60
9934949|1043|165.09
9127494|1043|140.20
8603857|1045|176.60
8478744|1045|130.85
8669264|1045|170.55
501475|1045|130.45
9966150|1047|177.05
4286771|1047|215.20
4480194|1047|190.50
4067845|1047|225.65
2186468|1047|405.18
8572613|1047|120.50
7718649|1047|230.04
4608286|1047|240.72
6687202|1047|135.35
1821522|1049|220.16
8960772|1049|210.35
5959299|1049|180.08
9546281|1049|205.65
6449585|1049|275.10
1912538|1049|215.05
2786686|1049|185.10
6574612|1049|190.65
6729735|1049|265.10
7200517|1049|145.00
5142290|1053|205.19
6012406|1055|120.16
3330490|1055|215.50
2004102|1055|120.60
3021272|1055|221.30
262832|1055|210.05
4133522|1055|220.18
6527687|1055|195.08
4106737|1055|225.85
3869023|1055|215.25
9110854|1055|165.17
5096430|1055|275.15
7384382|1055|190.75
8511627|1059|135.50
8238558|1059|185.05
4998040|1059|130.35
1452447|1059|185.00
514778|1062|220.50
7669104|1063|490.30
9774255|1066|200.25
9529716|1066|245.05
3081848|1066|135.10
8837813|1066|470.15
774390|1066|120.55
220216|1066|215.14
1779524|1066|130.75
625863|1070|245.01
6869603|1070|158.05
114015|1070|190.87
487881|1073|225.65
1922730|1074|187.10
9170199|1074|250.35
7936219|1074|215.19
2076323|1074|490.55
1232147|1075|210.05
7051164|1075|135.35
2655840|1075|145.12
1442081|1075|180.52
7670425|1076|255.17
2323459|1076|215.17
7474763|1076|160.05
9732334|1076|130.90
9099307|1076|470.22
6499700|1076|470.21
1171460|1076|190.86
1599385|1076|215.66
2689644|1076|265.16
4793280|1076|265.10
9312844|1076|490.50
595297|1076|205.55
3934625|1076|265.10
4477349|1076|120.20
7650271|1076|265.26
9776905|1076|156.30
2306563|1076|135.60
5406241|1076|215.80
2060574|1076|220.71
3661620|1076|195.20
3934674|1076|470.21
2631998|1076|178.15
4732446|1076|125.21
5879704|1076|470.10
1056454|1076|265.19
8752437|1076|121.11
6069639|1076|221.45
7338322|1076|240.20
1900293|1079|195.08
7861170|1079|195.08
2548991|1081|225.85
409107|1081|270.20
843958|1081|490.40
2869006|1081|200.11
8625707|1081|130.66
3440757|1081|240.31
7932644|1081|175.35
7388726|1081|170.20
7521018|1081|220.44
8936934|1081|240.76
1415934|1081|270.20
5019322|1081|130.66
2435319|1081|125.11
2034380|1081|170.55
4770828|1081|205.60
7307083|1081|215.30
6023268|1081|156.35
8507463|1081|240.73
8343330|1081|221.30
5225680|1081|200.11
4469315|1081|165.52
898800|1081|470.20
9318335|1083|170.70
9188454|1083|275.40
5206673|1083|176.45
9849627|1084|225.30
544288|1084|222.65
3242676|1085|263.11
4345489|1085|205.55
7879170|1088|165.07
8473745|1088|215.12
8527829|1088|220.71
1577777|1088|175.05
2886417|1090|215.19
143535|1090|120.11
5484355|1090|176.20
8493702|1090|242.05
4681392|1090|120.09
1337084|1090|235.06
7533209|1090|222.60
1189801|1090|470.05
445908|1090|230.06
2358009|1090|265.26
4393950|1090|235.07
7570448|1093|240.08
5961625|1093|221.50
2713790|1093|230.04
5076777|1095|220.60
1345748|1095|215.17
1808848|1097|200.04
5279014|1097|200.04
5065724|1097|250.05
53090|1097|240.06
8162254|1097|496.04
6244768|1097|190.42
3771188|1097|275.05
1088332|1097|221.05
923254|1097|255.17
8719766|1097|205.25
8623294|1097|263.05
239280|1097|165.54
5242889|1097|490.40
5231909|1099|100.08
228612|1099|190.70
2184630|1099|221.35
1824872|1100|221.35
4111490|1101|240.70
430765|1101|156.05
1695435|1101|115.00
4725412|1101|215.80
4377858|1101|270.15
9547007|1101|115.05
854593|1101|220.09
5846488|1101|221.25
8767622|1101|240.36
7048169|1101|265.02
6445801|1101|221.10
7786183|1102|130.20
4442183|1102|255.10
4623062|1104|140.05
2377380|1105|215.75
859022|1105|275.10
9166166|1105|130.67
634582|1107|130.30
3057249|1107|263.15
7605190|1107|125.20
9170416|1107|230.33
3695560|1109|222.65
9380215|1109|230.20
2734428|1112|215.57
2274426|1112|140.17
3045278|1114|210.15
3857466|1114|190.79
6763304|1116|215.30
4921423|1116|180.52
8468129|1118|490.35
575794|1118|175.30
1683202|1118|155.40
3077964|1118|135.05
6216024|1118|240.26
7900153|1118|195.00
782822|1118|265.08
5498081|1120|187.25
1002257|1120|180.50
3994476|1120|470.22
7409503|1120|140.10
8825366|1120|220.75
6041178|1120|120.00
6235069|1120|190.65
3858581|1120|150.01
5134764|1120|221.25
1143002|1120|170.45
1851376|1120|160.15
3836140|1120|170.10
9122603|1120|170.65
498360|1123|470.15
9494153|1123|156.30
9070194|1123|240.40
8037882|1125|225.90
3865634|1125|265.12
5437140|1125|140.05
9734423|1125|165.50
3280060|1126|180.52
6024790|1126|225.05
4111375|1126|165.00
9448020|1126|265.37
568179|1126|121.11
590497|1126|135.25
2399702|1126|176.10
4236909|1126|195.17
9095112|1126|185.15
9740|1126|205.65
1448479|1126|240.61
4057565|1126|190.42
3685463|1127|176.50
6173024|1127|145.10
2912953|1127|275.35
14049|1127|225.75
1085205|1127|100.00
1664294|1127|155.40
4290282|1127|240.72
1996535|1127|100.08
7138913|1127|230.19
334540|1127|156.20
7612145|1127|140.25
2039144|1127|150.01
8171665|1127|275.30
3359527|1127|190.79
6237223|1127|180.00
2211297|1127|200.55
4140869|1127|225.60
5762556|1127|130.50
1358646|1128|220.09
8324517|1128|265.12
3271553|1128|205.20
9829567|1128|175.40
6918652|1129|215.28
1629063|1129|145.40
3894214|1129|170.20
3866747|1129|176.10
4020362|1129|221.20
1075438|1129|170.05
981076|1129|270.15
1258065|1129|275.20
817949|1129|250.50
7073516|1130|263.05
8975894|1130|156.29
9287628|1130|200.20
8767591|1130|265.14
8342097|1130|215.58
8571754|1130|176.65
2726374|1130|190.20
5845188|1130|190.42
5636295|1130|200.45
3277323|1130|270.20
8861442|1130|210.45
4896718|1130|222.65
7721701|1130|120.30
3465701|1130|115.00
100844|1131|165.09
4374017|1131|120.04
6596268|1131|222.30
9424294|1131|130.85
4436706|1131|195.11
2325218|1131|215.15
8368155|1131|145.70
8765797|1131|400.03
5205451|1131|190.87
2407921|1131|177.10
8515350|1131|230.33
8692686|1133|180.05
1944187|1133|175.05
8470910|1135|242.15
8352357|1135|170.15
9248920|1135|180.15
6212001|1135|165.00
8840617|1135|275.35
6536223|1135|240.31
6528562|1135|120.02
8955903|1135|156.29
8260249|1135|260.06
8801320|1135|125.10
7748397|1135|175.25
1800019|1135|250.55
8816654|1135|130.80
9853880|1136|490.15
325966|1136|215.30
219234|1136|240.48
3725684|1136|125.12
570036|1136|125.15
1247436|1136|240.10
2181578|1136|265.03
4621293|1136|265.08
2402675|1137|158.40
6322576|1137|275.25
3197932|1137|255.25
400523|1137|263.05
3240094|1137|260.24
5818761|1137|230.25
6210257|1140|240.21
6309328|1140|158.35
5230219|1140|135.05
7690213|1140|240.73
7553883|1140|120.07
5566819|1140|225.90
7178725|1140|240.31
8154942|1140|221.45
3047320|1140|215.16
9806951|1140|100.08
8191557|1140|250.10
485590|1141|215.17
4751274|1141|215.11
4047434|1141|165.11
8510205|1141|145.14
8529618|1141|230.25
6642725|1141|115.05
7166413|1141|225.15
3669053|1141|215.12
9716840|1141|215.17
640201|1141|225.60
3657419|1141|490.20
3894266|1141|130.35
4147187|1141|215.14
2483244|1141|220.45
5455433|1141|180.56
9082223|1141|265.11
6490617|1141|165.17
4744629|1141|100.08
2938938|1141|240.15
3506448|1141|240.48
7056614|1141|265.01
8649106|1141|158.50
1512217|1141|180.08
207067|1145|240.25
595683|1145|275.40
1754349|1145|263.11
4490995|1145|125.12
8340121|1145|170.10
8126817|1145|240.40
8446684|1145|100.00
7918370|1148|240.70
6603255|1148|120.02
1117419|1148|205.25
8271774|1149|240.20
7726524|1149|130.66
320407|1152|220.70
5851483|1152|265.35
3611695|1152|190.05
2410831|1152|215.58
8208140|1154|490.20
6006623|1154|220.75
556347|1154|190.83
3603812|1154|225.80
9478263|1154|240.63
690637|1154|255.15
1687165|1154|105.13
4347461|1154|210.10
7570325|1154|140.25
848446|1154|125.26
4039001|1154|165.71
610894|1155|215.25
906430|1155|190.78
6704235|1155|190.81
6679841|1155|160.10
7005086|1155|205.19
7929902|1155|130.80
1350974|1155|156.05
8251853|1155|190.83
4297695|1155|240.65
3308447|1155|200.04
4915628|1155|176.20
1988715|1155|180.05
5491573|1155|220.77
6815503|1155|100.08
7658778|1157|190.82
9945452|1157|165.11
2697381|1157|215.50
2774028|1157|245.11
4010796|1157|158.50
4682078|1157|105.17
6417559|1157|177.20
6219350|1157|490.37
2596592|1157|215.19
9557067|1162|120.03
9861377|1162|265.02
3144418|1162|405.18
1987398|1164|165.05
7431374|1164|235.06
7081995|1165|190.25
938231|1165|240.73
4931803|1165|125.11
6389319|1166|115.00
4437264|1167|155.40
2912650|1168|242.15
929051|1169|220.16
1138233|1169|260.25
3411448|1169|177.25
4482072|1169|130.95
2836143|1170|235.22
8096698|1172|145.05
4186227|1172|190.27
552059|1172|275.33
3657396|1172|245.02
3968732|1172|265.12
3523139|1172|125.21
3733020|1172|150.01
6215617|1172|225.85
1501495|1172|165.17
2488807|1172|215.70
6391555|1172|200.10
5773611|1172|179.10
4733168|1172|263.10
2046540|1172|215.52
8515050|1173|220.09
3674781|1173|210.05
8660790|1173|240.06
6209828|1173|240.30
9442715|1174|115.00
958933|1174|175.30
8976411|1174|170.30
3957439|1174|179.15
2550857|1174|260.06
2136456|1174|240.73
2846313|1174|240.62
6431975|1174|220.71
8493738|1174|265.16
6771656|1174|130.40
5949012|1174|220.34
4972614|1174|240.26
1776571|1176|490.35
9123326|1176|165.16
1673146|1176|255.00
1626291|1176|158.35
9583708|1177|120.18
8605233|1177|490.10
1567968|1177|215.28
1956020|1177|165.11
9917758|1177|240.46
5784704|1177|200.27
7193734|1177|230.06
4054109|1177|120.10
6376497|1177|240.61
5950845|1177|175.25
8918171|1177|165.71
6402613|1177|140.20
7259189|1177|230.20
5401400|1178|156.35
1330666|1178|130.66
4790864|1178|145.65
7153498|1178|120.30
4714560|1178|130.45
8629493|1178|125.20
9229771|1178|190.76
5326011|1178|240.36
8976930|1180|205.60
6711956|1180|240.25
9245324|1180|250.45
822421|1180|120.03
3200683|1182|130.30
4516357|1182|190.30
9665195|1183|210.15
3389028|1183|496.02
3639874|1183|265.35
2543101|1183|270.15
4977500|1183|200.10
5227449|1183|270.15
5554582|1183|145.22
1136300|1183|215.14
1311448|1184|490.30
6365525|1184|130.95
9957861|1184|140.15
5772694|1187|105.05
416262|1187|270.20
2345670|1187|150.10
5587902|1187|145.14
9785819|1188|135.35
8794013|1188|145.12
1408856|1188|215.23
1844563|1188|190.26
3532245|1188|263.30
3589775|1188|160.05
5847867|1188|263.11
3299669|1188|255.05
3431166|1188|200.20
4319022|1188|240.15
9595243|1188|265.45
5710072|1188|490.30
8915912|1189|176.35
8571743|1189|125.27
2891459|1189|215.40
4609225|1189|240.08
520604|1189|145.45
7799392|1189|145.05
791641|1189|490.50
883474|1189|187.15
4902677|1189|145.10
3416987|1189|175.10
2440498|1189|215.80
8753059|1190|176.45
7106979|1190|496.05
134848|1190|100.13
1646508|1192|155.40
7801000|1192|150.15
1128857|1194|242.05
5826608|1194|100.10
272632|1197|165.35
3587361|1197|120.03
7502246|1200|220.50
385756|1200|240.25
9236966|1202|220.43
7101676|1202|156.26
3953226|1202|221.55
885098|1202|120.18
9971840|1202|470.15
9721402|1202|177.15
8196215|1205|205.20
8913989|1205|220.34
2329333|1205|215.23
6785261|1205|470.10
6684793|1205|265.08
7659875|1205|220.09
1369201|1213|221.10
3602974|1213|190.83
9890045|1213|135.36
1134330|1217|222.35
9376301|1217|130.30
7268432|1219|270.00
3225223|1219|220.55
9988589|1220|240.30
8920407|1220|250.35
9455764|1223|179.15
8655449|1223|255.26
7647195|1223|496.02
1500449|1224|177.25
2567169|1225|170.47
3389303|1225|195.08
9050974|1225|220.70
9477039|1225|170.60
5436571|1230|176.65
9257521|1230|470.10
3164574|1230|125.50
3923634|1230|135.35
4963997|1231|187.10
2538627|1231|220.06
5056834|1231|165.10
4127801|1231|150.10
6353237|1231|220.70
2232429|1231|115.00
2825834|1231|205.10
6734686|1231|170.60
7480410|1231|190.50
8163112|1231|175.20
7034440|1231|275.35
6755927|1237|180.51
9434207|1237|170.45
6811847|1237|156.25
7190717|1237|265.11
3918172|1238|125.10
6223894|1238|265.14
6429887|1239|145.40
6737761|1245|270.25
4270934|1245|215.45
9270035|1245|130.25
7485660|1247|177.15
2535702|1247|205.05
4379660|1247|496.04
3926735|1247|220.48
1727656|1248|250.45
4311566|1248|120.18
1901437|1249|215.57
4877983|1249|120.13
776447|1249|130.66
6424529|1249|255.27
6123689|1250|140.25
9535526|1250|265.25
2125104|1252|170.25
4986262|1252|170.15
5453007|1252|158.05
9959368|1254|177.25
6337175|1254|255.25
5133745|1254|490.25
1707044|1254|190.23
7893590|1255|165.06
9827156|1257|265.11
438603|1257|220.03
9538911|1257|242.10
6959354|1257|205.18
7425487|1257|210.10
6252090|1257|240.65
6378654|1257|200.11
6604617|1257|230.33
5792253|1257|121.11
8199480|1257|130.55
9582008|1258|265.01
3577576|1258|195.17
3988325|1258|260.25
3557749|1258|240.08
9886550|1259|120.09
4571501|1259|225.70
420457|1259|205.17
4816424|1263|130.50
5380562|1263|470.22
3125386|1263|225.80
3771629|1264|190.89
856594|1264|120.03
1388965|1267|145.10
2440099|1267|200.45
8547064|1268|215.50
8098761|1268|165.05
5180116|1268|490.15
8761151|1269|221.50
8607762|1269|200.35
432363|1269|130.20
6114921|1270|190.89
1786303|1271|260.31*2
9590489|1271|125.10
3463036|1271|222.55
2635518|1271|220.45
2212726|1271|260.20
9636243|1271|175.05
5367121|1271|460.20
1224029|1271|175.25
5424360|1271|170.25
6729540|1271|220.18
3435374|1273|220.34
483207|1273|176.20
9397449|1273|242.10
420748|1273|265.13
2526348|1274|176.25
4506749|1274|250.50
858493|1274|225.55
4897103|1274|215.19
9044675|1274|160.10
5854040|1274|165.50
7439435|1274|176.20
2863694|1274|150.05
2922658|1274|130.53
4977971|1274|190.45
6833097|1274|115.01
2785353|1275|240.62
6508227|1276|130.45
7990007|1276|187.25
8697681|1276|220.39
917610|1276|220.31
5871047|1276|230.00
2303080|1276|190.75
5318590|1276|158.20
7581334|1276|255.17
3043771|1276|260.00
6533754|1276|263.30
7498089|1276|125.20
6195962|1276|255.17
9479361|1276|125.21
4090483|1276|250.55
1607877|1280|170.30
4965722|1280|165.17
6905994|1280|405.12
9772949|1280|125.12
3028375|1281|195.05
1523903|1281|158.50
286536|1281|170.55
7014408|1281|187.05
2780748|1281|496.05
365578|1281|225.80
7871831|1281|135.55
8214859|1281|245.15
6816005|1281|240.77
7797908|1281|170.55
8367363|1282|120.17
5144662|1282|145.20
3102722|1282|245.05
4597758|1282|215.22
5028330|1282|165.71
5162317|1282|470.21
3757886|1282|265.03
1277795|1282|165.71
8331557|1282|120.08
2497661|1282|140.20
8258088|1282|145.23
5241227|1282|225.30
1016213|1282|175.25
750968|1282|165.50
5937532|1282|221.55
7688681|1282|220.41
3220681|1282|135.36
3156539|1282|130.30
5141873|1282|275.10
3911686|1282|180.15
8182989|1282|235.22
5337248|1282|120.55
2709514|1282|115.00
4456973|1282|470.21
5538210|1282|177.10
1640815|1291|496.02
1711919|1291|200.04
2079033|1291|220.65
3627977|1292|145.12
6892162|1292|180.08
3033287|1292|260.32
5905049|1292|175.30
4384376|1292|215.75
4234161|1292|205.10
7418733|1292|120.10
3850060|1292|165.72
3708370|1292|170.15
7091102|1293|140.10
9500099|1293|120.17
6542174|1293|220.09
3625329|1293|120.30
7034499|1294|178.10
1566539|1294|265.35
2039504|1294|200.20
5558128|1294|165.50
1220016|1294|220.39
3666394|1294|100.08
177425|1294|130.75
2326068|1295|180.45
8601039|1295|130.55
3378566|1295|135.25
6536875|1295|145.40
3753895|1299|145.27
2226391|1299|130.95
5466190|1299|135.10
6529313|1299|195.08
3424707|1302|205.17
9322673|1302|130.40
5027508|1303|121.11
189601|1303|265.09
3655933|1303|125.15
1127509|1306|265.36
3634898|1306|158.05
3339518|1306|187.25
4442338|1306|165.72
2700723|1307|270.20
7096304|1307|180.50
1068206|1307|220.48
6516248|1310|275.40
3615995|1311|190.85
4146810|1311|130.25
2070069|1311|190.42
4119|1311|205.18
1371639|1313|190.50
3564202|1313|170.55
4430925|1313|240.65
5100344|1315|179.11
425011|1315|125.25
9072647|1315|200.30
8418421|1316|221.55
9433725|1316|165.11
9458251|1316|215.22
3624914|1316|100.08
1633796|1320|195.16
3785907|1320|125.14
612272|1320|190.25
5004531|1320|178.25
9355329|1320|179.10
8527170|1320|260.34
2229313|1320|130.95
5492018|1320|165.30
5108122|1320|190.85
3447114|1320|215.60
5093786|1320|130.40
1937914|1320|190.65
4105951|1320|240.70
806010|1320|176.45
685879|1320|200.00
9591346|1320|220.09
5113026|1320|490.40
8791214|1320|125.13
5286740|1320|205.15
168372|1320|155.43
4206886|1320|470.22
3969162|1320|230.25
2299173|1320|205.60
5363043|1320|165.00
8046470|1320|250.20
4417661|1320|200.27
9248831|1320|160.10
4506173|1320|190.70
4759835|1320|242.05
6500865|1320|135.55
1279312|1320|270.30
1249103|1320|125.55
2313183|1320|225.90
9084268|1320|158.05
7662584|1324|215.10
9469219|1324|215.58
5858360|1324|190.72
6779191|1324|250.15
7833991|1324|125.27
6716249|1324|215.60
3144047|1324|155.25
7811362|1324|405.16
5234335|1328|125.60
5216011|1328|125.15
6176687|1328|180.52
7850888|1328|220.16
4650236|1328|145.14
8601350|1328|125.20
455262|1328|176.65
8726195|1328|155.43
9770014|1328|245.03
1690844|1328|195.00
449041|1329|179.15
491251|1330|225.65
3030628|1330|205.25
4048978|1330|265.02
3376011|1330|265.09
5399238|1333|179.11
3117531|1333|222.55
7003605|1333|470.15
9888351|1334|275.30
7491|1334|240.45
4766969|1335|265.16
4087597|1335|221.40
1173831|1337|190.25
76536|1339|240.25
2764293|1340|120.60
7186250|1340|240.36
5549173|1340|120.11
8787031|1344|158.50
9478898|1344|275.40
6518839|1344|180.50
7977076|1344|235.06
3455736|1344|263.11
2549440|1344|190.25
4912141|1344|215.40
9644573|1347|115.01
7901896|1347|120.01
5854939|1347|230.03
7188000|1347|215.23
3165968|1347|135.45
6221601|1347|155.42
7669906|1347|158.35
286301|1347|156.29
9696560|1347|240.08
6732668|1347|145.20
6406851|1347|220.09
3545221|1347|220.16
5687488|1347|135.35
5097290|1347|200.10
6884751|1347|120.09
9161119|1347|240.71
109588|1347|200.35
7775454|1347|405.12
885135|1347|241.05
3623958|1347|230.06
9330839|1347|125.40
4811107|1347|221.30
7234134|1347|145.12
4879534|1347|490.15
4625840|1347|260.21
8738031|1349|190.45
8495825|1349|255.27
2100973|1349|260.00
2376807|1350|165.30
5978349|1351|130.70
8203326|1351|170.10
1901863|1351|125.13
4226857|1351|215.30
958661|1353|245.05
6448656|1353|265.35
3855470|1354|245.15
516722|1354|145.22
5418343|1354|165.52
3607215|1354|130.90
3217336|1354|120.60
2434300|1354|187.25
3123489|1354|120.30
4962928|1354|220.06
4103654|1354|180.03
5037391|1354|222.45
7678870|1356|265.19
8571210|1356|215.80
5721294|1356|255.10
4344881|1356|265.25
9253896|1359|220.60
1727947|1359|130.60
5526059|1359|215.05
5995733|1362|215.58
2345002|1362|176.60
6052611|1362|180.45
3589418|1364|177.05
3552490|1365|235.22
1147496|1365|200.50
4245526|1365|190.35
4061591|1365|230.04
1142548|1366|156.20
1017738|1366|215.58
4543563|1366|165.20
8188342|1366|220.09
3062347|1366|135.60
7319843|1366|120.45
5234192|1366|180.51
635907|1366|270.30
7632461|1367|263.10
3745514|1367|230.04
7457031|1367|135.45
9787315|1368|178.25
7510148|1368|230.20
7348506|1368|221.15
7242313|1368|175.35
8767396|1369|230.40
1972927|1369|156.26
7324328|1369|275.15
9802058|1372|121.11
9185279|1372|200.45
5944105|1372|225.05
550625|1373|179.15
3805818|1374|225.85
3858417|1375|130.55
668282|1376|190.89
2258728|1376|260.20
1224384|1376|130.60
8079634|1376|190.81
4222335|1376|265.04
2132083|1376|205.65
8309966|1376|190.35
6799061|1376|120.04
2198689|1376|225.70
1779002|1376|175.45
5788217|1376|260.06
9370560|1376|240.31
3422277|1377|200.00
9751201|1377|265.36
551694|1379|120.17
3589099|1381|225.90
1514631|1382|170.05
5691964|1382|156.26
1659728|1382|200.10
236238|1382|170.47
1108863|1382|235.21
6021850|1382|179.10
6042926|1382|165.20
3722429|1382|170.10
8256240|1382|190.20
3565849|1382|130.90
1317330|1382|190.55
6106408|1382|265.10
4706975|1382|145.65
2199118|1383|125.22
9287105|1383|180.05
4956561|1383|120.06
9907885|1383|200.27
9660192|1383|160.15
7887486|1383|245.02
1325338|1383|140.30
6226415|1383|240.55
3238155|1383|190.50
7519987|1383|120.50
7813634|1383|190.80
1662919|1383|470.05
4650856|1383|225.70
5492863|1383|180.51
9444597|1383|245.05
4478404|1383|125.20
625307|1383|221.05
8909745|1383|145.14
6734744|1383|130.67
1086364|1383|158.05
3814543|1383|210.10
1468820|1389|190.70
7393451|1389|180.15
5453912|1389|230.05
8810816|1389|221.20
6711601|1389|130.25
9400554|1389|180.08
8285716|1389|165.54
3613069|1389|130.80
6925271|1389|115.08
2269588|1389|222.35
7795098|1389|221.10
7888073|1389|215.22
4631098|1389|215.56
6736810|1389|205.55
839242|1389|195.10
7252627|1389|150.01
8680501|1389|200.27
5297849|1389|120.18
3965243|1392|190.42
3374421|1392|130.70
2766591|1393|195.20
9869415|1393|187.15
2572846|1393|225.70
3922424|1393|165.71
318811|1393|220.28
6534189|1393|175.10
129448|1393|100.10
1930258|1393|165.16
459315|1393|165.72
2666890|1393|130.66
7595671|1393|120.30
226101|1394|195.10
3829854|1394|156.05
4513651|1394|263.11
2163946|1394|240.45
1034283|1394|145.70
6896230|1394|187.20
9252320|1394|240.05
1440166|1394|190.75
6529494|1394|240.35
8962302|1394|165.52
9312421|1394|179.10
1248383|1394|115.05
4970656|1394|165.45
8106854|1395|190.87
966346|1395|220.18
9888365|1395|220.06
9376616|1395|205.17
9893980|1395|135.20
2721676|1395|263.30
2322055|1395|156.29
1010889|1395|241.05
868679|1395|140.20
672542|1395|265.26
6753992|1395|200.10
1388842|1395|240.21
4539423|1395|275.34
8312063|1395|260.05
1794869|1395|135.50
1598545|1395|490.30
2363683|1395|215.14
2927428|1395|263.11
5929884|1395|176.15
9363955|1395|175.45
2063550|1395|265.09
6635513|1395|275.25
6240625|1395|180.51
6990365|1395|220.72
237493|1395|155.25
4101977|1395|130.75
1099695|1395|180.50
1328691|1395|240.61
4036199|1395|230.40
7864738|1395|200.04
4034681|1395|221.25
8159474|1398|125.15
3919263|1398|270.35
5286087|1398|215.50
4941704|1398|215.70
3041911|1398|275.40
1241293|1398|120.02
5983837|1398|215.51
4202770|1401|190.76
2833889|1401|176.65
3055426|1401|190.50
7717853|1401|130.65
1696156|1401|190.85
5414381|1401|150.01
5940934|1401|275.33
6549025|1401|190.72
6651138|1401|120.15
7896815|1401|275.33
9865070|1401|125.15
9410366|1401|130.60
2610013|1401|220.60
9178245|1401|215.66
9279690|1401|215.23
6383441|1401|100.05
6188518|1401|205.05
3216438|1401|125.55
5325584|1401|222.65
863837|1401|275.30
7568234|1401|145.15
3245547|1401|120.03
7627530|1401|190.76
5300358|1401|265.36
9434812|1401|265.17
8842050|1401|205.19
6897095|1401|180.25
25364|1401|200.20
4379778|1401|240.50
3276738|1401|265.19
9799656|1401|135.35
8995419|1401|265.12
2918826|1401|179.10
4456734|1401|105.13
